
ans =

   -4.2473    1.8722
   -3.4515    2.3501
   -3.4095    0.9734
   -3.3974    2.1226
   -3.8789    1.5957
   -3.5942    2.1477
   -3.4481    1.1900
   -3.1466    2.3293
   -2.6711    0.7531
   -4.4005    2.3477
   -3.4980    1.0597
   -3.3265    1.5232
   -3.6356    1.5921
   -4.2012    1.8115
   -2.5563    1.5795
   -4.0267    2.1328
   -3.3882    1.5901
   -3.7890    1.9416
   -3.1153    2.2523
   -3.4168    1.3547
   -3.6876    1.2401
   -3.5886    1.8223
   -3.3523    0.3643
   -1.9679    2.2065
   -3.8532    1.4756
   -3.6802    1.8995
   -3.7280    2.1384
   -2.2325    0.4182
   -3.0413    2.1265
   -3.0130    2.2818
   -3.2465    0.2051
   -3.1445    1.9338
   -3.6755    1.6222
   -4.3075    2.3752
   -2.3137    0.9347
   -3.8164    2.2690
   -3.7784    1.7730
   -3.1921    1.5299
   -4.0054    1.8600
   -2.6954    1.1677
   -3.3999    1.1515
   -3.6136    0.0401
   -2.9487    1.7517
   -3.6996    1.7984
   -3.8878    1.3117
   -2.8878    0.1830
   -3.5630    1.6788
   -3.3697    1.9993
   -3.9083    2.4204
   -4.0340    2.0554
   -4.1778    2.0390
   -3.6884    1.8385
   -3.9280    1.9164
   -2.4009    0.8773
   -3.7525    1.4473
   -3.5289    2.4281
   -3.8702    1.6717
   -2.7767    1.5481
   -4.2537    1.8748
   -3.8712    1.6968
   -3.7499    1.2274
   -2.8698    2.1807
   -3.8166    1.3926
   -2.6800    1.6905
   -3.6128    1.4712
   -3.1677    1.1061
   -4.0558    2.3265
   -3.3022    1.9577
   -3.4420    1.3706
   -3.0960    1.0145
   -3.6410    0.9845
   -3.7463    1.9343
   -3.1444    1.4714
   -4.0130    1.3971
   -2.6231    1.1149
   -3.5725    1.8808
   -3.5036    1.9802
   -3.9824    1.7082
   -3.6277    1.3210
   -3.6921    1.7434
   -3.9883    2.4515
   -4.1869    2.1972
   -3.7859    2.0957
   -4.1518    2.1851
   -3.3939    2.3947
   -3.0372    1.8431
   -3.7464    2.1540
   -3.4567    1.7834
   -4.3131    2.3416
   -3.7708    2.3717
   -4.4855    1.9600
   -3.5362    1.8862
   -3.4027    1.5761
   -4.1266    2.6472
   -3.6300    2.0388
   -3.1233    2.0279
   -3.3911    1.9454
   -3.8155    2.6188
   -3.7799    0.8016
   -4.0601    2.3418
   -3.4282    1.9241
   -3.1748    1.5952
   -4.0036    1.4868
   -3.1658    1.5560
   -4.0315    1.0546
   -4.1728    2.5712
   -3.9332    1.8717
   -3.5911    1.1861
   -3.3494    1.3505
   -3.7813    1.7864
   -4.2107    2.5160
   -3.4538    0.9551
   -3.0330    1.3846
   -2.8292    0.9045
   -3.6550    1.8621
   -3.6842    2.2965
   -1.9108    0.7461
   -3.9402    1.2700
   -3.6594    2.6663
   -3.1658    2.3850
   -3.5246    2.3884
   -3.1509    1.1370
   -3.8083    2.1532
   -2.8854    1.2964
   -2.9359    1.2584
   -3.1645    1.6389
   -0.0835    1.6858
   -2.5789    1.0882
   -3.3110    0.5209
   -4.0660    1.3694
   -2.8398    1.0697
   -3.4445    2.2758
   -3.4634    1.8231
   -4.0403    2.3015
   -3.7976    1.9250
   -2.8413    1.8550
   -3.3254    2.2203
   -2.9120    1.5420
   -3.6390    1.9058
   -2.6390    1.9010
   -3.5847    1.9938
   -4.2119    1.4559
   -3.2567    1.9064
   -4.5618    1.8041
   -4.0307    1.6183
   -2.9363    0.7919
   -3.9906    1.7829
   -2.9751    1.3611
   -3.0367    0.7192
   -3.5918    2.2134
   -3.5292    1.2295
   -3.6987    2.2360
   -3.3742    2.1314
   -2.8804    0.2986
   -3.5199    1.5986
   -3.2862    1.0864
   -3.2091    1.5742
   -3.0957    1.4653
   -3.7094    0.8773
   -3.1064    2.2441
   -3.0760    1.1917
   -2.9328    2.0104
   -2.9706    1.4773
   -3.6869    2.2797
   -3.1452    1.6970
   -3.3768    1.4121
   -1.5132    0.0745
   -3.5000    1.5751
   -3.9139    1.6625
   -3.5958    2.2302
   -3.8563    1.6450
   -3.7935    1.9851
   -3.3870    0.8624
   -3.9462    2.1413
   -3.4383    0.9037
   -3.7241    1.4517
   -3.1475   -0.2536
   -4.3570    2.3961
   -3.5573    2.3384
   -4.2255    2.6677
   -2.5412    0.6881
   -2.1250    1.7630
   -3.3049    1.2416
   -3.9045    1.3009
   -3.3435    1.5290
   -3.7152    1.8830
   -3.4973    1.6122
   -3.1167    1.2156
   -3.8884    2.0389
   -3.9478    1.3014


ans =

    2.5625   -0.6101
    2.8439    0.8981
    2.5178   -0.2858
    0.9440    0.5544
    2.2208   -0.5282
    7.0920    0.6935
    2.6429   -1.3468
    0.4723    0.0623
    2.6893    1.1833
    3.8470    0.3703
    1.1544   -2.8422
    1.2744   -0.8163
    1.6184    0.4974
    1.2009    0.7343
    0.7315    0.3479
    1.2274    0.2824
    2.9443    0.4413
    2.4230   -0.0730
    0.9278   -0.8707
    1.8559   -0.8792
    2.4985    1.0156
    0.7474    0.1813
    1.9852   -0.4807
    0.9912    0.9542
    2.2834   -0.8179
    1.3960    0.6460
    1.8355    0.4611
    1.4568   -0.3757
    4.1347    1.5848
    5.3370   -0.0540
    2.5429    0.6198
    4.5217    1.0150
    2.3293    0.7680
    2.6610   -0.8273
    1.5322    0.3580
    1.5915   -0.0549
    1.0420   -0.8219
   -0.3698   -1.7076
    1.6535    0.3197
   -0.1470   -0.4500
    0.9210   -0.3960
    4.5475    1.0235
    5.4056    0.0093
    0.8192    0.5256
    1.2276    0.3768
    3.1136   -0.5296
   -0.6976    0.4430
    2.7059    0.5407
    2.7713   -0.1024
    5.8807    2.2309
    4.0524    1.1201
    1.3952    0.9167
    2.6670    0.7199
    1.2351   -0.9912
    4.0740    0.0653
    2.5273    0.5801
    4.6287    0.8125
    2.2698    0.0868
    0.7496    0.1712
    1.9097    1.2116
    3.5966   -0.8241
    0.7007    0.5507
    1.9483   -0.0916
    1.3100    0.0442
    2.9896    0.2493
    1.6322   -0.1399
    2.8965   -0.7265
    0.6399    0.4934
    1.0943    0.7429
    2.7764   -0.7430
    2.4764   -0.8345
    4.1988    1.2270
    0.3972    0.2845
    1.4073   -1.3187
    3.2683    0.3271
    4.5981   -0.2079
   -1.4859   -0.1349
    1.6163    0.4075
    2.0329   -0.4051
    0.2121    0.3751
    3.9200    1.0221
    1.6267   -0.0467
    0.4539   -0.2330
    4.4957   -0.7707
    2.0496   -1.2839
    0.7712   -0.8814
    1.0506   -0.2935
    2.5889   -1.0822
    1.4190   -0.8630
    1.9762    0.3939
    3.1029    1.1738
    0.0275   -0.9108
    3.1093    1.5255
    1.9511    0.7794
    1.5759    1.0878
    1.8094   -0.6541
    1.3842    1.0373
    1.5204   -0.1365
   -0.9769    0.5602
    0.1348   -0.6950
    0.1745   -0.2410
    4.0086    1.2148
    1.6176    0.5778
    2.6969    0.3079
    1.2884   -1.1113
    1.2703   -0.1544
    0.5077    0.5193
    1.9588    0.3881
    2.0241    0.3304
    1.8107    0.2544
    1.3138    0.1811
    2.9014    0.0159
    1.8535    0.0517
    4.7504    1.3345
    1.1182    1.3736
    0.8525    0.8269
    3.6548   -0.6180
    1.8734    0.6953
    1.8969    1.9976
    1.1006   -0.1255
    2.5771   -0.4324
    2.7744    1.0632
    2.1824   -0.0645
    4.4201    0.3918
    2.8307   -1.5219
    2.3635    0.2243
    1.3352   -0.1148
    1.6739   -1.0983
    2.4814   -0.0154
    3.8207    0.6473
    2.2083   -1.0563
    3.1398    0.5746
    3.4109    0.3196
    2.0422    0.4059
    2.5867    1.1501
    0.2113    0.0514
   -0.6890   -0.1866
   -0.8147   -0.1623
    4.1148    0.3695
    1.3240    1.6767
    2.3267   -0.8163
    0.9057   -1.2173
    2.3016    1.2137
    0.6560   -1.2005
    2.1847    0.0864
    5.4282    0.4709
   -1.0330   -1.2929
    1.7435   -0.1348
    2.4467    0.2478
    2.7232    0.1889
    2.3730   -1.5808
    3.7481    0.9663
    1.6036   -1.0197
    0.4413   -0.0053
    1.1358   -1.5290
    4.9447    0.2356
    2.0181    0.0542
    1.6131   -0.0198
    0.5475    1.0145
    3.2746   -0.3046
    3.8993    1.3511
    1.7486   -0.7268
    2.9597   -0.5405
    3.5567    0.1614
    1.6166   -0.6244
    0.6962   -0.1787
    1.8001   -0.2337
    2.8118   -0.7892
    3.3664    0.0594
    0.1063    0.2506
    4.9208    1.1265
    0.2603    1.1265
    4.1033    0.1706
    2.9687    0.3757
    3.9049    2.0538
   -0.8609    0.2648
    5.9313    1.3500
    3.9172    0.9862
    1.1053    1.0575
    4.3715    0.2430
    3.9990    1.6606
    1.9742    0.9899
    2.3524    0.8601
    3.3904    0.5227
    4.7297    0.6731
    4.2370    1.3894
    3.2446    1.2933
    0.8408    1.2652
    4.2865    0.5496
    2.8439    0.8981


